2300
10
-285.92 -160.82 62.35
63.93 -296.19 240.55
-366.13 -160.06 471.02
-342.16 -311.26 -263.68
106.21 367.51 -83.95
-307.85 237.03 -451.96
-414.15 -321.32 326.08
340.27 -149.06 192.47
154.88 -6.76 296.69
-465.22 -401.53 212.46
475.65 -2.11 477.84
-130.46 298.92 194.85
260.03 103.41 -482.28
-287.66 448.65 443.71
389.85 391.79 16.33
-404.38 -253.55 424.19
-36.32 49.86 181.75
497.79 95.49 116.35
-86.73 -327.61 192.63
357.17 -145.86 455.27
317.03 13.04 -418.33
-111.25 259.4 -262.76
-263.93 165.57 -34.88
-205.52 256.19 379.28
-488.49 180.0 250.52
340.46 279.73 128.18
387.81 -106.25 401.27
-410.97 199.6 242.7
-131.39 113.53 -72.77
-16.54 -357.42 -162.55
-485.02 -117.18 274.25
-364.82 -268.06 -370.96
-381.42 10.7 -382.76
-381.88 424.27 432.62
-384.66 29.43 28.93
-475.09 -470.79 263.66
90.76 -15.21 129.83
-264.85 38.06 -291.28
-350.73 -293.5 310.06
42.26 400.77 397.38
444.71 -296.74 187.42
91.25 -405.04 -308.77
48.5 -77.02 -221.7
429.4 384.52 -311.81
294.74 -345.11 11.85
-367.16 -357.73 -368.14
95.96 460.89 -361.17
-164.61 427.14 205.85
459.19 -200.46 236.97
133.98 180.38 184.91
84.44 427.46 71.69
76.93 -401.81 -324.88
404.61 -440.02 -233.91
-484.41 -474.7 -445.09
-321.01 -214.04 -72.15
-225.09 -306.77 209.67
91.11 -141.43 -165.21
312.2 -194.73 452.78
139.0 -170.55 -399.65
-90.09 240.48 -385.74
368.57 218.86 378.31
32.79 37.76 -467.92
-5.4 -308.62 -103.29
-22.37 -374.9 -232.7
-277.85 -471.46 -249.56
193.09 -251.55 -485.85
-177.53 147.26 -388.39
82.99 40.82 -491.03
101.91 -388.13 -323.81
273.02 -176.05 293.34
290.45 401.14 -324.71
337.26 -375.14 356.88
385.02 -396.95 214.1
242.77 -487.91 -21.67
4.6 -357.01 -61.26
407.78 376.81 52.15
-55.97 474.18 451.34
-19.29 237.86 -145.38
162.84 193.2 -229.23
-482.34 -28.18 441.95
-136.55 -329.08 437.47
165.26 -446.33 494.43
336.67 121.74 -152.84
491.42 -388.0 -421.41
352.71 428.9 248.27
-177.06 -259.62 87.19
-180.21 -300.35 -38.79
-323.99 -242.67 -19.34
-161.79 -235.37 45.17
118.59 -168.36 -495.79
132.49 -243.66 -148.88
-382.42 -22.32 452.07
-45.63 26.69 416.72
470.4 -34.55 -485.79
119.56 24.84 427.11
143.79 352.8 -366.66
467.55 168.46 -16.96
-356.17 306.87 485.39
150.81 42.77 -7.14
-122.05 171.7 -147.65
-230.81 250.75 -49.27
-298.62 145.23 -71.42
245.91 445.57 291.52
329.31 -479.25 238.05
-234.71 -256.29 -441.72
-139.04 313.59 110.3
67.91 197.74 448.56
-257.15 -259.48 -314.36
-473.85 -445.01 197.6
-148.16 206.22 -88.07
-356.53 24.39 483.72
-377.84 -116.73 174.16
-333.07 -114.46 301.15
294.1 360.57 426.44
36.11 -120.43 201.07
295.34 -458.94 -239.53
-107.55 61.61 -286.16
166.08 -429.59 205.21
-32.29 -365.55 -410.52
-498.04 88.95 -155.53
-369.93 -453.82 -169.45
98.99 -95.0 -35.13
-480.35 423.53 -330.81
25.76 477.61 -433.21
432.24 -494.32 -216.21
-118.89 -89.02 223.88
-160.45 129.44 213.6
490.45 102.72 -362.6
-66.79 344.06 -368.9
-137.57 308.74 -129.8
-359.78 -415.28 191.87
314.67 -274.05 203.98
413.38 -237.51 490.49
129.29 144.93 -440.01
282.12 447.28 49.39
-186.12 -388.1 389.5
352.05 -51.73 -191.82
476.95 -100.95 329.26
-242.47 268.71 -16.59
-415.62 44.21 467.9
194.47 302.8 124.97
65.71 120.21 264.49
-484.38 -82.3 -244.0
-451.13 28.72 137.88
-425.53 116.57 158.17
36.35 306.15 17.03
348.02 -291.58 -453.44
366.59 -109.63 -430.64
485.69 -363.0 -459.56
267.62 -106.88 -368.08
-307.92 -434.3 -50.75
-63.51 -361.12 -169.31
234.66 -237.14 296.44
292.28 -113.3 179.54
202.64 57.58 96.01
-63.69 202.16 157.76
-118.78 -133.52 235.7
392.71 -342.11 67.66
-16.17 -296.14 325.62
300.21 -275.92 -104.36
-132.48 -420.82 -48.55
-239.37 -256.71 -105.71
-454.08 -204.6 3.47
-489.7 472.13 276.68
-405.87 -315.1 126.19
390.67 97.33 255.07
-296.87 -272.6 485.46
70.75 131.73 -33.83
212.78 140.99 178.01
37.56 209.91 -471.83
209.33 -121.32 -214.45
-38.29 -47.0 414.13
-269.6 336.63 -273.59
-160.64 -399.17 -138.02
362.12 380.66 410.64
337.56 44.41 -295.45
-366.84 230.69 394.55
-163.92 -73.28 330.52
-136.05 -177.54 215.78
-397.08 211.5 -312.34
279.03 -198.22 -143.47
211.9 363.06 -347.42
469.63 405.54 -413.08
-202.5 195.86 -95.97
489.59 457.36 336.29
-248.75 74.76 -400.38
433.09 358.9 480.28
266.79 -290.49 -225.33
-196.69 273.17 -34.02
-402.66 137.56 -70.76
-241.67 -376.74 11.75
-96.98 -323.6 375.84
-438.07 -115.53 -462.2
225.29 -484.83 62.53
-212.43 -80.74 -190.71
-358.34 22.52 422.75
-75.8 307.82 -284.91
454.3 -173.09 -282.53
345.98 152.88 -83.01
155.76 -294.1 -109.8
1.48 222.93 -462.13
421.6 -192.08 336.75
493.26 -16.98 -475.74
106.55 437.82 -293.97
-102.24 393.87 80.17
-195.59 125.83 384.62
284.86 -180.69 210.34
156.57 465.73 282.34
23.14 -295.76 -456.05
-241.14 395.05 -460.28
-253.13 436.64 410.86
68.6 160.89 294.83
-373.13 25.76 -237.93
-230.74 -110.5 400.89
-310.96 -278.06 -252.19
378.73 87.55 -21.33
492.59 263.47 -403.55
179.58 253.61 53.08
-250.15 471.19 326.55
-58.02 -18.56 -302.59
-288.31 397.64 -100.91
-277.4 54.86 158.41
121.74 480.63 376.06
-106.2 -254.99 367.62
-394.55 166.26 160.96
115.03 486.48 -443.66
-245.4 -240.28 471.65
-243.67 418.41 -93.67
399.54 26.97 371.36
-137.5 -304.22 -93.38
298.79 -183.82 424.66
103.61 -50.23 -206.45
408.29 186.07 -232.32
347.54 -199.18 -137.6
-346.85 -116.25 279.25
394.98 -250.31 383.94
-279.59 -435.14 -157.58
-306.72 165.4 243.77
-126.52 21.73 150.96
168.9 305.62 -267.81
-265.02 -340.11 200.38
-379.91 -366.37 36.7
429.23 -190.64 239.08
485.94 74.56 51.66
-69.55 119.73 81.26
365.94 362.14 343.96
-412.01 -33.17 213.66
85.37 28.11 350.87
378.39 -91.54 -139.39
-319.79 -335.66 60.31
447.64 494.11 9.05
-33.13 -61.71 311.25
-282.53 118.05 91.37
194.36 -210.91 -40.66
-48.28 -196.96 -170.05
-373.55 47.84 260.1
72.12 236.73 -64.37
-413.46 -1.03 -234.92
434.08 -275.15 412.83
-16.96 -273.11 -283.95
-33.36 -486.22 -209.56
-436.71 -367.95 -452.51
-14.02 -113.07 119.88
203.56 480.24 -5.4
-442.15 296.92 -424.09
-268.28 350.83 -464.79
-258.67 -321.05 379.69
45.61 368.58 -451.68
250.36 -95.67 -110.21
-216.99 117.44 -474.04
-260.44 -384.45 236.87
-427.16 92.58 11.08
102.59 118.58 52.2
39.82 -38.92 -286.79
169.53 -313.66 211.06
-312.33 -402.65 -406.79
-267.04 -187.61 413.33
-177.24 -145.68 -349.42
57.82 -461.07 270.33
-457.43 236.18 -492.12
383.5 -375.37 -219.58
-353.94 304.69 145.56
316.41 330.22 287.84
-209.58 7.63 272.61
161.91 40.08 217.44
337.66 -292.19 262.57
-376.11 -328.58 464.91
285.28 -167.59 -395.81
220.87 -495.1 335.84
105.1 -218.24 -238.05
-56.35 2.35 360.6
-238.92 -105.95 342.67
198.0 -206.62 18.3
-78.12 -412.99 309.08
468.4 -369.34 -37.39
-132.11 202.56 -393.55
446.5 -292.06 429.16
-288.72 27.87 362.89
116.59 -310.22 -213.29
-31.96 -283.0 180.24
-398.71 -145.04 -425.25
-435.77 -243.93 192.9
40.81 92.05 -390.94
-474.83 382.34 476.36
302.76 162.88 105.65
-407.35 -402.53 465.57
-22.91 343.6 -220.55
466.11 84.49 -499.37
-367.41 333.14 273.09
-293.27 -358.14 -475.13
-334.85 -499.25 -461.27
-104.16 271.27 -458.77
-78.12 -139.76 -27.65
-55.18 -239.02 156.09
428.33 92.16 477.98
14.45 369.93 -382.89
-468.41 -486.63 -235.75
356.65 116.3 -238.82
412.01 -69.04 -142.04
340.95 -448.61 -121.09
149.46 288.01 -323.05
122.59 330.06 -277.4
-393.16 -420.61 469.4
-376.69 59.41 374.13
87.27 -20.58 -59.42
-292.8 -132.6 498.6
485.74 -147.78 210.61
34.68 -456.9 343.66
5.22 -272.88 467.76
-341.61 -347.1 -265.44
266.6 184.44 14.27
-87.82 407.85 6.43
223.49 265.56 40.85
-480.27 43.88 -390.68
-421.52 -48.31 5.88
338.24 -259.02 -385.49
438.22 -440.36 426.86
250.55 479.28 442.48
-51.68 -192.63 373.21
470.98 364.69 -208.12
304.6 -91.54 329.2
-477.06 -314.14 -225.65
-51.64 -6.03 -72.57
-375.25 15.21 248.75
481.06 -222.32 -366.48
244.05 295.78 371.9
-263.17 -167.83 67.42
461.48 466.96 193.25
-22.83 477.68 131.6
70.96 179.86 -88.48
360.3 86.2 -430.61
160.54 -67.87 -247.35
343.62 448.16 440.09
-136.98 185.12 462.65
196.59 159.87 -441.3
-95.78 421.59 -482.12
-483.97 -89.47 287.69
111.61 -357.6 338.94
79.04 1.82 165.01
486.71 -386.22 300.8
234.62 410.39 -348.52
406.61 -131.86 -323.66
227.95 -83.13 -187.68
295.12 -102.49 83.33
371.05 303.3 302.55
-44.73 -188.54 -283.94
-132.52 -118.4 340.1
253.96 -375.61 -51.94
23.41 213.65 296.25
-290.29 -145.63 38.42
-370.94 -219.06 430.22
-326.16 67.03 65.42
-115.75 -345.92 145.01
-119.85 -459.31 -328.32
-139.41 111.58 -38.8
-467.88 269.56 101.05
176.06 -115.45 -243.44
-193.37 269.58 -282.96
376.09 -329.66 -320.88
-185.19 -248.37 281.85
232.18 137.17 -477.72
-114.88 -167.11 296.11
-107.81 -356.07 257.1
114.1 297.35 127.37
-291.27 406.59 399.37
455.94 74.86 293.41
-284.6 -207.61 -373.84
64.63 -216.69 -355.43
-105.32 302.33 -110.79
201.76 11.75 -23.28
-174.25 217.39 120.44
-356.97 75.5 171.17
-374.56 -318.77 392.85
-140.84 456.79 142.1
-308.93 261.48 229.91
-346.83 -315.12 444.64
108.57 -326.29 -421.63
-352.52 157.18 -351.48
348.14 356.35 310.89
160.06 -235.14 -470.01
-86.46 188.0 -417.88
-216.56 -285.38 216.03
-83.25 -304.31 -81.58
-6.5 -40.45 -187.43
238.95 375.37 437.41
306.86 -7.11 -426.74
-110.6 -366.14 -453.51
23.68 -290.73 396.61
-331.45 226.97 -239.47
106.07 -302.87 185.34
256.31 -306.21 244.76
444.95 -363.17 71.25
-422.02 -367.43 -252.24
225.7 337.99 -68.04
66.47 422.65 -179.07
378.15 208.86 429.84
-84.33 300.17 -51.43
-295.21 407.47 155.02
-368.73 167.15 -287.52
344.08 460.25 -451.59
-324.51 248.26 254.92
55.98 -179.78 483.75
-458.92 370.35 145.31
189.06 -345.65 140.34
-266.46 339.95 115.42
-408.07 107.52 426.32
469.01 221.15 172.86
-92.73 -289.53 -314.49
312.5 188.54 42.53
-288.75 -276.59 14.3
242.36 -109.37 191.11
347.69 153.6 343.17
-397.16 55.34 -70.48
-130.53 43.41 126.04
250.85 -358.48 88.92
-92.36 -214.4 446.42
-399.92 241.16 -214.38
434.69 -123.04 -494.49
-435.44 142.58 400.07
-110.26 -311.89 -488.8
362.52 52.09 299.91
-454.72 -337.55 144.48
-325.93 453.95 -109.26
-170.22 -278.6 107.05
28.69 -220.02 108.22
389.52 180.19 -127.92
40.59 175.93 -476.82
-35.2 45.53 -340.59
-274.68 360.17 -124.77
-376.95 171.7 -186.31
-376.08 197.4 332.28
-194.96 -149.07 446.68
255.35 -221.05 -2.3
152.72 141.43 -498.36
-230.06 392.52 179.09
45.85 185.8 -176.97
-60.37 329.79 -466.07
304.05 299.42 315.92
-190.27 127.53 -2.95
-233.61 399.39 -3.71
-166.36 -223.3 -491.57
288.29 54.47 485.31
333.65 -6.21 331.4
-405.21 -339.53 469.56
187.03 329.99 -90.16
-53.56 -234.81 318.96
-464.08 -281.83 171.04
-274.72 -412.04 73.08
-398.1 -96.11 300.24
-354.19 -108.54 -365.53
22.34 -441.5 -447.42
-360.32 -427.93 -350.41
-154.14 102.72 -491.93
400.29 -104.47 21.35
25.17 253.93 421.76
201.24 412.8 58.16
-393.92 -264.59 -257.34
90.53 -407.34 -428.51
-325.56 -229.67 -85.58
-135.32 -303.0 405.44
-301.62 -469.8 411.44
-350.68 459.38 260.81
-486.1 163.1 -478.92
363.44 -50.52 61.08
405.0 -430.78 365.7
-471.32 442.88 -361.31
-125.23 -346.43 -277.72
-393.44 -318.88 2.61
-81.28 -210.89 265.21
-8.57 173.54 -3.36
-194.43 -492.17 -211.86
393.28 241.9 -475.22
378.98 -29.8 37.6
-27.7 228.4 486.7
-498.2 -374.92 403.52
441.49 33.6 -282.85
484.4 -376.73 -246.18
291.73 -391.19 -175.55
423.38 281.6 110.45
167.92 246.48 -196.96
377.43 488.36 24.99
-33.87 239.84 403.79
423.59 259.3 -234.38
45.66 179.78 73.23
333.42 -206.5 -132.05
-292.7 29.33 -434.06
369.03 142.64 78.48
207.49 102.7 344.74
394.04 -275.9 -78.02
-296.98 -6.45 157.35
225.76 48.74 -115.63
199.16 333.65 83.96
447.89 361.42 -478.23
-125.9 -297.82 129.48
-268.06 -459.55 -44.06
-410.86 -161.45 246.41
-98.08 126.48 386.52
-161.47 -287.12 392.69
432.76 -124.6 -495.38
-168.48 145.61 -138.05
-402.44 -27.57 -430.33
-94.97 -74.96 252.91
-282.35 157.71 301.33
-288.76 71.11 -411.91
-360.07 -293.63 490.58
-66.24 -325.16 348.02
161.38 -307.42 -185.68
104.67 19.23 -100.43
-419.47 -170.4 -165.66
-362.35 -272.71 -62.5
203.19 -237.72 -407.76
357.05 474.33 443.13
-476.12 -117.91 -144.53
-123.08 -80.01 -152.26
-43.04 214.88 104.16
-240.13 47.12 157.49
-422.2 -297.0 -320.4
-472.62 -7.19 395.99
-85.45 101.67 467.38
-467.65 -207.19 -453.79
-6.6 -419.99 296.48
248.7 105.14 -447.95
-462.55 -338.38 -209.41
-182.29 474.15 101.63
375.85 -448.19 -240.6
-277.29 -202.33 445.58
462.94 -70.42 -446.78
-401.34 -357.02 30.97
-469.63 -194.38 92.72
-308.86 314.3 -172.27
-289.76 -215.04 -215.19
16.63 367.74 -225.99
-252.3 -351.27 -236.02
-337.61 473.54 -436.26
-254.49 1.76 -384.33
-409.5 223.99 -334.13
-199.38 150.01 -441.75
52.17 -204.71 407.74
310.95 -20.31 440.56
112.47 0.58 437.01
-78.04 -117.22 -362.86
332.03 -120.12 -125.25
297.4 365.72 -63.92
-219.06 450.85 359.22
-337.49 -10.07 -63.03
195.24 68.62 21.49
-292.62 412.45 493.91
-63.37 180.94 288.73
311.15 -62.43 394.17
-106.12 -30.19 -80.0
273.84 -67.25 100.56
489.67 11.51 -273.29
90.89 97.81 318.2
212.44 397.8 469.11
126.3 -41.35 208.95
-186.05 -390.01 203.08
-366.84 -141.96 217.48
483.49 -102.13 -378.28
30.08 269.39 498.32
248.91 -432.68 -482.08
-301.39 -483.45 467.29
91.0 -25.53 -295.04
-170.89 -473.23 -178.11
295.42 432.61 14.88
33.46 -297.95 -85.62
-423.38 -227.33 113.75
109.93 -196.46 -387.48
-330.4 294.46 -172.59
-448.41 -209.67 -199.15
271.93 162.18 79.22
-122.41 17.67 349.53
485.4 -15.18 171.22
-428.25 328.15 -498.36
307.51 488.56 -318.57
104.69 424.0 182.4
471.23 142.97 159.77
450.11 172.08 117.06
-76.62 -187.12 -459.8
-436.87 484.13 450.8
116.61 -224.56 345.2
-252.94 268.14 282.02
-446.96 -2.93 207.75
401.87 7.72 -345.47
-103.05 -63.82 -142.37
22.36 -384.67 -44.77
-292.72 463.71 -42.89
212.83 369.45 -319.31
343.23 140.51 255.16
-180.72 -447.04 149.41
-214.02 -120.5 477.61
-380.89 -495.68 183.34
479.22 -58.78 481.66
-406.95 214.17 89.88
-486.78 72.04 -49.6
129.71 -183.01 -328.36
158.03 -347.09 -207.49
-407.77 38.04 -117.97
440.94 60.28 287.33
-11.96 417.26 427.17
312.33 -357.17 -97.15
-5.37 -147.77 -272.74
476.37 -320.3 -264.91
-222.47 48.01 -9.52
-291.84 10.57 343.27
11.15 -287.01 53.78
-253.17 145.42 -26.15
281.25 180.36 -23.54
27.91 174.67 -336.04
-487.35 -92.09 -149.57
250.13 473.31 -105.13
104.39 234.61 -319.33
67.86 -461.49 -388.1
30.74 33.68 -167.59
-254.12 -335.75 -422.22
424.51 -254.03 -406.7
180.72 330.63 -55.22
-273.03 264.64 -421.35
129.48 182.17 331.3
-424.4 397.72 -407.16
321.36 122.71 341.81
-48.53 -334.28 -427.46
-449.97 219.76 -354.41
-25.21 -466.64 -22.32
-188.34 -190.45 360.32
-130.85 392.6 -377.73
150.34 -72.83 320.37
427.6 -148.13 -99.03
-285.43 -19.78 82.85
-327.3 320.19 -468.37
279.01 -330.65 -282.2
266.23 -413.1 -194.54
91.92 -113.77 -124.52
499.28 446.81 358.37
-277.11 139.76 -130.92
-452.41 -57.06 485.09
409.62 -488.15 -18.38
-119.64 -358.59 28.1
114.16 277.26 435.19
-347.38 -45.27 260.41
-424.84 -191.42 191.34
172.08 409.01 -179.53
388.74 486.54 -332.01
304.0 -421.85 446.06
307.98 73.3 -403.08
135.48 395.03 -237.9
-160.6 183.91 248.28
-260.84 -78.11 425.6
-9.96 -141.54 -225.46
69.1 125.51 176.96
434.24 292.72 -34.8
-274.64 -493.33 -411.64
-18.71 -95.25 106.45
-365.95 -269.16 -423.9
-266.39 212.74 -478.53
250.23 109.85 -249.09
-137.8 -118.63 395.59
-449.55 98.82 -119.6
2.07 -155.63 238.7
-374.54 -332.71 93.27
132.37 251.72 29.91
-197.85 -185.61 190.28
-23.24 -17.49 497.59
-495.27 169.67 251.52
342.08 -104.67 -340.52
-430.69 -440.49 -42.41
335.17 100.41 -444.09
-442.81 61.03 386.66
304.9 434.48 -244.54
256.83 176.5 324.81
-119.6 210.25 -177.8
-241.03 -370.73 165.39
-453.7 -466.86 210.75
349.66 -35.85 50.24
38.03 -277.93 362.37
-9.0 -81.64 496.71
-157.39 247.61 -333.95
-417.79 14.87 -51.21
113.47 245.42 378.54
10.52 -274.97 50.07
-127.36 -252.4 -28.51
101.97 163.69 -430.9
89.58 -276.04 154.02
300.69 -27.05 83.27
197.48 -310.46 183.18
-42.9 24.46 495.89
412.83 -414.79 -333.85
294.42 -370.64 191.18
210.89 373.69 207.24
20.78 106.78 -409.94
348.5 -281.98 360.41
162.85 28.93 -237.29
27.65 402.83 4.6
189.28 140.62 -493.95
52.92 -176.25 475.95
-86.84 -11.41 372.81
359.7 -215.64 446.17
-319.55 404.88 -311.33
-118.29 -305.53 -10.14
-7.49 189.95 120.49
-250.7 -358.16 291.34
-322.05 -349.54 135.5
-344.65 86.72 317.58
46.08 -236.91 -393.21
200.43 -316.33 497.25
352.36 -27.25 -210.35
487.47 182.55 90.4
-294.82 -390.95 -164.92
233.18 -45.66 -324.86
-89.18 149.63 -45.32
251.61 -345.77 -236.21
-373.44 -80.33 -136.79
-170.54 -284.47 -31.97
326.75 401.31 496.67
243.34 133.8 -53.59
193.46 -119.73 254.99
58.75 -350.83 117.18
-432.9 86.34 159.98
-16.13 -438.78 -83.61
290.89 -382.98 -278.46
479.18 414.67 194.22
-59.25 493.51 -337.45
172.53 425.06 281.6
398.59 111.59 -120.7
-53.55 -243.13 223.36
-23.91 -83.1 44.27
-266.77 -375.64 477.42
-414.21 319.87 390.09
-355.28 -455.96 -62.07
-260.18 91.43 -264.86
-485.58 133.25 174.49
-202.26 -76.27 -87.64
112.67 442.19 415.5
169.01 -256.12 44.98
-430.83 -224.14 -194.77
-436.96 -484.51 -348.63
-64.92 410.28 483.53
-373.2 243.42 -215.68
-234.24 -76.27 -104.23
-209.64 -143.83 -18.85
89.04 -271.25 97.93
173.25 -231.18 194.9
195.4 -143.14 -242.38
-369.07 245.16 -254.45
-65.51 31.11 -307.97
270.33 -353.74 -168.73
-406.07 110.8 165.7
40.27 -427.23 458.04
-249.27 428.39 -239.4
223.02 138.06 355.67
192.72 277.92 -95.16
317.56 326.25 248.05
-221.98 -76.95 423.37
-409.49 276.12 -14.7
-66.37 4.36 285.11
-229.43 174.77 436.87
-239.26 -223.74 275.03
-493.74 -306.99 -120.2
-279.32 354.05 -119.26
-138.9 243.49 -319.93
54.67 79.94 -248.07
43.56 250.01 339.89
-346.84 320.94 134.52
-207.87 435.73 -107.22
404.94 -206.03 354.93
395.02 -66.09 -256.87
-394.11 -134.31 -5.33
-127.97 -297.06 -406.78
106.82 429.49 -14.9
-438.2 -254.18 -20.41
-361.18 117.96 172.88
-192.71 23.8 -251.88
90.88 152.35 61.53
390.79 -60.76 458.47
387.42 159.87 237.05
427.04 347.89 306.47
-180.78 335.02 486.86
-154.66 -343.74 -414.98
-255.37 -392.36 -83.32
-494.67 -303.05 -317.11
242.47 351.95 -357.6
-390.19 -495.77 -8.53
481.05 -265.9 392.31
-348.6 287.0 434.62
-95.49 356.34 229.58
412.11 -365.19 480.92
-238.8 498.12 282.75
282.62 2.8 -15.19
-275.58 25.0 -374.23
433.99 70.89 104.37
-18.25 -86.24 87.06
186.75 -244.53 313.75
-434.64 -398.69 -216.79
-365.35 79.4 129.49
-427.45 -352.28 -187.76
-457.1 268.04 -6.32
-415.42 -175.48 -472.18
52.56 -403.12 172.24
-108.02 -165.81 233.28
315.94 273.78 107.2
-114.3 491.55 457.75
-232.11 402.13 -369.8
485.19 -445.84 -272.81
-317.53 -243.3 423.17
227.89 -488.18 -389.05
-251.94 -447.88 -460.59
-404.55 250.64 -150.64
-486.1 156.9 -476.28
74.46 -104.9 89.5
372.22 244.66 -380.36
7.15 -379.31 34.88
430.01 -140.19 -497.43
-275.33 -110.65 475.18
-219.87 141.35 -297.8
94.04 -12.38 -245.1
-3.88 497.84 -498.51
-445.46 152.28 -157.49
274.85 348.87 56.22
-437.1 251.4 -264.39
-134.61 -352.17 -294.15
436.25 -27.55 -78.38
369.45 -263.35 79.78
249.8 411.39 93.11
437.76 -68.84 310.37
-346.49 -334.68 312.32
-489.99 -451.29 -222.92
195.3 252.63 -471.9
-464.24 -208.3 290.51
283.23 475.47 399.56
-493.45 435.63 -302.11
349.68 230.81 -416.45
-397.25 -484.27 -278.9
-475.27 326.19 -442.62
79.13 66.54 15.24
-363.83 -35.42 281.95
-323.21 -97.6 -114.53
268.56 -205.29 -344.17
336.62 398.4 147.16
-366.4 43.02 -31.69
310.39 -222.97 138.32
324.51 265.64 280.91
163.59 -238.28 -167.44
-496.61 110.35 245.38
-308.77 489.83 -230.27
328.78 356.17 -494.3
130.15 39.41 -336.32
381.15 -193.42 -499.28
393.07 -469.15 -247.67
-352.49 -292.45 432.68
442.08 -469.79 214.52
473.8 -50.56 68.81
65.88 37.52 306.05
-127.68 253.3 -285.88
-118.41 -31.09 -234.94
-418.56 -109.01 311.05
-313.88 -112.26 -176.39
41.12 25.2 -413.46
149.07 499.73 -462.62
245.37 -396.13 -456.85
114.78 -425.23 -434.91
-295.23 158.04 -440.0
-38.38 -473.73 301.65
235.35 -98.01 423.8
407.01 397.45 -108.84
355.42 -292.53 373.39
-283.28 -319.2 48.22
-322.48 -197.18 -108.02
-204.58 -368.63 75.39
424.13 135.98 230.81
-323.07 379.81 -26.57
492.46 29.89 40.09
-273.68 131.45 -358.65
-124.67 188.62 53.39
244.58 427.45 -292.16
-474.75 -429.69 201.44
-243.49 363.91 -306.51
313.24 115.88 141.65
198.21 97.31 -188.04
1.68 -277.22 -37.74
-455.94 486.11 -417.25
18.83 57.71 -140.36
25.75 -73.35 -131.35
-430.02 -34.79 250.43
-16.66 437.77 -423.71
-472.49 75.58 281.13
130.93 -229.8 407.91
69.91 314.79 -350.83
-194.52 221.8 -316.73
-426.38 -167.35 211.99
-478.21 167.25 -158.5
177.94 9.77 -326.93
287.92 -412.79 -288.87
218.78 -362.96 473.04
-150.3 -241.25 -209.21
152.73 178.27 141.38
41.8 -324.49 -195.36
63.61 64.89 233.51
-203.22 -344.57 -489.48
-443.01 102.83 -311.74
46.14 74.45 -188.18
-446.95 -227.84 209.79
154.31 -385.6 -382.85
261.52 166.6 102.06
199.66 43.84 216.55
-26.76 -211.05 146.53
-143.55 280.02 -53.53
-366.83 352.74 83.23
217.39 168.42 -412.15
481.94 196.04 413.17
348.23 147.2 24.11
-403.0 -95.62 461.15
39.24 67.67 -30.25
-241.24 -451.58 -315.78
-389.14 -478.55 330.55
-282.09 303.62 222.21
-367.84 287.4 411.22
-433.31 135.89 -214.96
-311.28 198.09 -371.02
231.07 -394.17 276.13
-341.45 388.11 102.32
-480.87 -26.11 -42.66
25.13 53.33 -474.57
-381.53 -257.26 -281.38
336.95 -48.65 461.97
226.53 491.74 11.82
436.68 -426.7 126.88
467.67 211.89 -468.47
407.4 219.81 32.4
458.99 137.05 -46.08
16.08 -312.97 204.55
-331.21 -73.09 496.99
164.18 89.06 392.53
89.37 476.0 197.64
-279.59 448.21 -232.1
178.75 -150.78 304.58
358.06 17.99 155.77
-103.18 436.98 -377.16
-77.02 429.7 -391.91
108.75 -17.58 -384.81
489.49 -207.08 -490.76
-368.45 -261.23 72.04
-256.32 -128.36 -166.17
-344.83 -294.19 -483.64
-30.55 -329.45 187.32
-90.43 284.0 20.67
-353.85 193.07 69.66
-92.12 461.9 291.73
232.8 343.6 143.69
-97.09 483.44 -6.44
471.15 -108.28 -418.63
-329.78 338.27 -8.92
321.0 -1.46 234.37
-178.18 288.43 241.02
389.32 391.89 305.21
365.32 19.73 -27.42
444.3 -65.94 -41.17
-200.88 245.29 438.87
-237.92 -231.37 -178.32
445.84 481.97 -498.69
-290.3 -51.32 -177.09
-41.88 386.17 -218.55
-219.46 487.2 244.26
42.8 -349.12 52.82
-2.66 -55.23 -90.65
-429.9 -368.81 -404.53
7.83 -373.86 486.25
81.39 144.17 421.59
159.45 392.38 -312.16
349.13 -403.03 149.42
130.56 131.2 334.13
-400.11 331.65 446.6
338.88 457.0 393.41
-148.74 232.55 -98.2
-355.91 492.38 -346.29
376.02 -289.63 325.78
314.81 308.61 255.32
-8.59 271.11 -494.05
-94.62 -260.67 397.31
331.94 142.85 -146.95
-477.95 60.0 3.58
268.41 -431.49 210.15
34.18 142.21 10.56
-338.73 258.15 10.59
-343.75 -343.57 -317.44
-83.05 -270.59 219.92
-390.55 -8.6 417.22
341.66 14.04 -94.83
-494.55 -468.54 -201.56
-293.07 -456.73 -362.01
230.49 463.31 -237.04
295.0 -201.41 206.23
413.97 490.55 49.45
-199.03 -245.42 -46.99
-291.05 254.79 -68.37
-484.05 -491.7 475.03
-112.47 215.74 191.66
420.28 319.06 -370.09
-391.84 -82.11 -464.98
-494.14 92.16 -53.81
142.19 -118.41 161.6
415.64 -116.83 -205.97
-73.53 -322.85 -405.05
204.15 32.23 -213.13
-88.98 -474.2 210.3
-312.54 -411.33 -342.07
-184.71 377.97 -476.64
-165.73 -396.41 -282.04
66.5 -337.92 -454.28
318.35 494.77 -141.17
433.1 52.7 263.08
282.89 -113.06 27.2
33.12 -407.37 -288.52
-197.9 -89.47 74.29
-136.85 351.64 -480.61
485.24 -269.91 331.6
334.0 99.74 -348.5
-322.2 466.19 141.07
319.91 427.43 -172.03
-159.98 -463.3 197.4
-473.17 -485.81 302.64
87.37 448.35 398.75
98.52 469.54 216.98
-317.98 298.75 170.72
291.58 -452.94 341.6
-412.83 -281.33 -404.5
497.84 -43.27 468.25
-100.13 85.74 -325.01
-140.76 85.57 129.08
-233.24 45.81 251.3
-337.85 -97.65 144.87
-265.04 313.51 19.57
414.46 228.96 284.77
340.47 -207.52 -57.03
-223.69 -499.69 68.98
197.98 483.03 291.97
271.6 100.93 71.28
-211.64 157.7 308.89
-66.45 -482.54 327.38
498.13 178.81 -175.92
263.73 85.34 342.92
-9.72 -184.69 236.54
-327.97 260.23 92.12
230.15 352.82 -239.85
336.81 -89.05 186.37
-406.48 -47.59 52.09
-330.98 376.99 -108.14
403.83 -174.42 -232.83
-169.99 469.84 -431.85
35.43 -84.6 254.93
-378.6 -112.68 10.93
50.58 -326.32 -427.55
-310.55 -280.89 339.93
-301.43 -217.75 495.99
-70.88 -276.97 262.18
114.68 -239.2 -63.67
-28.48 218.95 -49.49
-121.13 416.52 91.28
76.97 -451.13 204.1
444.32 112.17 -493.15
-96.93 -7.03 143.34
-457.16 -350.45 -420.73
389.0 -260.84 323.15
394.63 -222.5 484.72
457.27 230.11 359.25
251.16 410.26 147.95
61.59 -215.42 -168.71
451.2 -223.14 59.93
-447.47 -143.89 -448.72
-168.34 358.92 -279.72
-250.9 352.74 -410.7
-214.01 -339.26 268.26
-309.48 -273.34 -89.49
-319.98 -347.72 132.85
-185.03 49.74 -205.58
-21.79 -358.77 100.37
118.92 232.37 -374.21
454.82 -171.79 62.54
-443.01 -168.82 10.0
485.98 316.21 291.7
165.5 151.91 488.65
-160.03 121.15 -226.36
-145.34 -446.73 -349.93
365.85 414.31 -68.43
-172.27 -51.28 -474.28
72.18 77.88 -411.39
-48.71 432.86 356.44
-472.37 246.64 -97.92
-208.8 145.82 -199.39
-159.54 97.3 -316.43
-125.18 482.21 -170.38
-372.41 -77.7 -241.46
-202.57 -301.11 -487.94
44.71 -457.14 -123.16
164.36 235.82 -118.49
-29.42 -387.08 466.47
286.78 412.18 -484.69
-300.65 -423.45 483.9
193.42 66.71 -226.22
378.16 102.58 -293.52
-68.9 200.6 483.95
173.89 -61.36 437.29
-173.95 -254.79 17.17
214.28 97.37 121.67
-155.76 -152.42 291.78
319.9 431.63 -444.67
-8.31 -479.46 190.22
154.18 -241.05 -3.74
35.81 -215.66 475.75
-496.45 103.27 65.49
230.19 -64.52 47.86
-194.98 -407.69 -429.55
157.86 -460.24 -228.86
162.95 -206.54 -17.96
288.73 24.32 -280.87
-482.99 -133.83 438.79
388.36 -159.09 176.95
-105.28 -249.8 -206.23
122.52 -403.94 56.95
291.17 53.73 280.27
-381.92 291.9 -470.73
-390.29 -209.88 -417.71
497.23 -199.7 356.18
-237.84 -455.8 498.9
-73.27 113.16 378.43
361.64 -192.27 -209.01
492.81 -453.39 274.43
38.04 464.19 482.94
-175.93 3.0 277.81
-30.74 -238.58 -464.87
-8.15 -384.01 -273.07
-95.06 489.17 -353.02
-23.65 470.7 122.09
450.84 420.79 -150.5
430.22 -157.67 264.0
175.56 -112.33 130.26
47.85 490.12 405.45
-38.17 18.52 481.2
164.07 -249.27 -462.32
316.78 -251.81 -225.34
82.92 103.46 -234.13
390.87 132.37 97.21
67.27 255.72 7.48
59.2 -155.56 -23.86
-267.89 -214.08 -245.98
432.89 183.69 66.66
318.3 -152.68 -90.44
148.52 -389.36 1.45
-233.65 -119.17 -306.3
-351.08 489.22 -209.42
-50.2 24.55 -443.94
-284.87 -29.71 37.4
-21.54 16.67 334.43
241.68 38.48 225.93
-111.94 458.06 173.58
-135.03 -452.44 7.52
293.9 -490.05 112.98
-382.71 -310.04 499.33
219.31 -10.73 -245.21
7.89 406.2 -410.65
-478.38 289.14 84.56
153.9 -355.27 167.82
267.63 441.32 -380.04
461.3 -89.84 0.47
-386.18 488.77 407.51
-258.11 469.77 -56.64
-137.11 -251.09 72.27
14.6 353.38 -138.09
414.74 121.12 474.3
139.2 -137.15 -99.47
346.49 121.05 398.3
-51.25 17.29 -196.66
-361.08 -335.47 265.76
-174.43 465.86 494.98
208.2 -11.27 -378.78
-44.43 -177.13 -256.33
180.34 -119.81 -136.52
-287.69 234.61 -469.76
-441.75 359.88 414.71
469.96 21.31 345.37
-266.21 -116.19 318.19
357.1 -31.61 437.3
361.04 -126.7 -138.63
481.69 449.28 139.9
106.82 56.4 -22.59
330.44 231.59 -479.44
-128.35 -464.93 -447.56
213.16 -204.92 480.72
261.63 -352.87 -353.75
-490.5 235.72 -87.45
-228.75 410.03 -491.89
10.55 -298.19 -115.09
-103.93 -182.79 -133.04
-487.47 125.39 375.27
136.5 -111.93 -191.02
-243.99 -207.09 162.84
-137.9 -109.74 187.41
-367.88 384.32 377.75
-47.8 -422.9 -111.2
232.96 -422.11 417.41
202.57 319.82 127.51
441.09 491.89 -240.04
-275.79 104.63 25.45
17.51 332.89 230.19
288.07 -181.09 55.13
-4.52 497.57 80.12
171.89 429.45 -408.34
-410.46 106.26 -100.6
385.79 237.36 -348.7
285.96 -396.85 411.99
-202.89 -239.84 -363.1
-31.62 -174.66 454.64
321.48 -307.0 -176.16
323.64 -284.71 302.83
-26.16 161.17 -245.58
4.98 58.61 498.62
-197.3 323.12 320.54
24.02 446.88 120.96
455.15 -473.96 -315.37
66.91 369.32 -385.45
-221.66 -365.28 92.62
-58.3 -254.53 490.72
-28.47 -204.83 485.22
169.18 -423.33 -211.36
270.58 -147.31 277.8
-162.47 371.29 -183.05
72.42 62.41 -152.07
424.54 167.01 -13.33
19.38 216.73 89.22
188.79 -140.68 -61.0
78.86 305.96 153.41
-496.56 449.35 -410.88
-35.73 -476.55 -5.58
-35.32 -124.04 322.68
277.57 -55.52 260.18
60.78 -169.96 361.3
-321.34 -380.1 -390.08
-218.97 294.95 -273.11
-94.9 151.0 257.74
478.8 -377.25 -156.84
244.33 476.38 360.47
-323.05 455.11 188.67
-145.64 -171.55 449.56
118.37 -35.01 52.24
338.53 468.95 -391.65
452.83 -152.82 412.83
316.87 398.86 436.26
-66.35 -447.82 -477.3
67.03 296.82 -43.45
-81.88 -379.15 -10.06
62.36 -394.9 -22.13
23.18 197.39 -229.8
-17.24 438.2 449.18
449.36 -252.04 97.77
-282.72 -420.61 -203.09
-74.86 200.22 -286.64
-11.99 299.13 58.05
82.53 415.4 -280.33
-332.39 -71.48 -164.41
-86.31 -35.45 170.23
-428.14 262.12 363.01
-17.85 -368.54 -14.8
356.74 35.02 -195.92
-274.13 -31.43 -73.47
190.03 -146.43 -40.68
-320.73 -26.35 -164.69
-51.06 482.44 -364.56
171.68 177.51 -113.14
179.18 290.61 84.79
341.53 208.83 -50.31
-465.46 -224.9 188.43
356.69 336.82 471.52
496.39 450.6 274.15
-426.95 149.07 71.14
-320.74 -364.08 66.93
182.75 364.87 -55.25
-114.83 311.76 247.8
367.93 -485.34 -473.18
-286.55 -224.46 -462.07
50.41 -144.9 -87.87
-467.24 418.31 7.59
149.92 499.59 -102.86
92.8 319.87 -357.69
50.65 374.7 -377.19
-328.45 -332.17 154.91
-447.45 -44.27 -47.75
-480.12 385.11 405.23
296.73 78.82 201.85
-459.94 -19.95 43.5
138.94 437.01 55.99
150.09 -370.08 -196.17
-439.28 -101.97 368.38
331.18 -406.88 270.83
428.37 414.23 -104.61
-230.04 -279.35 -478.22
-432.11 -253.82 107.0
-69.98 -298.69 104.02
279.36 -363.28 247.08
-110.23 241.04 14.92
-459.61 140.27 332.27
-435.8 -464.38 492.58
-422.8 -154.74 174.82
423.63 201.59 411.55
-51.66 304.99 -33.22
-23.88 -300.99 -464.59
-472.02 -410.6 -79.25
385.58 483.68 -93.1
284.73 407.17 -211.64
-79.06 345.6 47.11
-264.91 108.1 -137.69
417.47 284.12 -260.19
-418.55 -440.94 56.16
185.18 -134.76 69.7
-116.14 -25.35 -47.32
-355.95 -452.87 121.6
-453.0 38.41 41.01
379.41 351.75 -53.35
-274.5 125.46 441.75
1.48 -185.56 75.47
-194.45 -250.09 4.74
100.7 -74.82 -209.77
-464.1 -38.06 132.96
-142.13 39.03 349.96
-84.24 286.28 175.8
-298.49 120.95 -265.14
357.7 139.65 303.1
344.16 -278.79 -222.31
45.15 -96.27 -64.19
430.85 -356.3 7.11
251.29 11.59 144.94
-384.93 -457.5 -422.85
-181.62 51.28 41.49
360.57 -384.69 -141.72
406.41 -243.37 59.15
259.7 361.01 -61.11
480.12 -385.92 -273.98
-95.08 329.79 251.1
-485.38 -485.73 267.4
415.2 139.45 226.56
-90.92 -349.85 455.92
-393.64 -222.44 362.76
430.83 -473.98 191.56
18.94 -68.36 -479.07
137.21 139.35 -393.46
165.79 164.82 266.02
-286.2 -426.18 -424.23
-306.51 -23.2 -41.51
-482.5 424.1 137.48
-130.57 -398.76 472.35
296.21 320.28 -294.34
495.25 156.53 -172.4
160.34 -123.75 -67.66
304.64 -194.84 410.09
429.04 113.76 -334.64
-343.37 60.92 259.15
-245.63 -214.4 292.7
-206.56 214.03 142.0
-80.52 335.46 116.6
461.9 336.82 471.77
468.73 -5.36 -82.13
129.46 -363.23 461.26
-441.28 450.13 -245.22
396.77 457.12 161.6
-258.69 334.08 -461.42
82.21 -429.47 446.33
241.39 310.23 148.2
-154.63 44.19 -454.82
187.81 404.63 407.94
98.82 349.19 418.28
-416.28 -168.44 -56.29
288.7 -397.47 -138.79
-484.79 224.31 -422.36
35.48 498.83 230.46
-121.5 339.17 -138.34
369.85 -393.94 -100.16
-492.76 219.59 155.46
-388.2 -430.19 -319.06
47.79 145.88 338.28
446.74 -0.17 446.51
490.81 -343.7 355.88
-47.96 -134.38 436.36
470.65 -369.8 240.84
-6.68 -166.1 -469.9
-486.21 -201.54 256.3
-241.54 -477.28 83.9
-409.85 139.65 238.36
352.72 -331.87 -210.14
-24.1 -358.06 -148.34
360.97 -345.57 302.03
-169.17 -105.64 164.09
-334.95 -46.29 -23.69
-311.4 -214.23 -70.26
162.88 -135.11 296.63
-201.94 -300.33 265.95
133.2 78.99 -466.36
248.1 205.05 -208.31
-129.21 -222.13 -118.22
65.95 278.52 -99.46
-148.15 61.08 -250.84
-103.18 -412.98 406.46
-358.55 -94.62 214.36
-281.23 288.34 -240.97
-152.81 -27.35 98.26
-145.2 -243.04 -260.82
9.42 199.4 349.82
47.36 488.45 241.08
317.55 350.9 -435.04
-253.14 -148.55 343.6
32.17 -35.89 256.87
-253.81 194.71 386.77
-410.2 -79.93 461.67
460.33 12.78 -70.2
-432.81 -252.3 -150.63
3.99 -143.29 -339.12
-199.71 -292.71 91.94
-401.51 402.41 421.48
147.86 -341.9 -93.09
-124.44 -310.11 347.33
269.92 -213.94 423.5
209.84 -273.59 372.26
-211.18 203.48 -165.8
-464.2 -475.31 -268.39
-206.08 247.62 158.2
189.12 -332.54 442.58
77.78 465.16 474.49
-157.55 -53.25 270.8
-236.96 490.94 -395.3
-349.42 402.32 484.85
-343.89 225.93 498.0
499.92 -119.13 -310.67
259.2 -164.65 315.78
319.03 83.14 43.41
474.34 -224.46 -416.24
140.95 484.16 -341.56
383.63 369.37 -144.86
219.84 344.6 439.42
-184.67 -272.88 -246.41
-399.06 313.17 44.26
468.67 471.28 283.09
361.74 225.75 -158.05
-423.84 -157.95 -427.02
197.7 -13.06 417.7
461.4 489.03 -283.53
173.29 40.42 3.67
489.01 -453.92 184.09
370.1 -376.43 440.3
-195.11 -362.29 349.93
274.07 450.7 -345.65
-451.6 197.08 154.47
263.44 -61.44 155.14
351.25 -144.88 -483.99
-126.23 272.57 -399.89
446.99 -329.17 -313.19
-446.1 -353.11 -400.15
-72.9 395.67 470.63
-182.6 80.16 -182.67
182.98 -408.53 88.57
234.28 104.4 333.0
460.71 -43.3 -81.01
-278.65 -289.4 445.1
-60.18 81.83 295.91
-250.04 104.46 331.22
-406.94 -63.07 -288.43
-82.37 -487.23 122.7
197.32 -466.94 -177.73
121.75 247.01 115.0
224.09 -44.87 474.16
92.54 -101.34 -146.95
49.94 -337.91 302.97
336.87 -119.45 18.79
60.9 113.05 -468.15
25.06 -36.13 -17.31
379.62 -282.14 238.04
44.53 15.19 -351.15
162.76 -41.53 183.14
-79.61 483.75 -207.99
79.22 383.81 -334.06
481.58 123.56 260.79
272.54 11.83 -235.31
-213.06 -195.18 146.41
347.0 39.39 -251.12
284.08 100.2 -102.13
-233.78 194.22 471.42
-114.35 251.96 479.81
-290.6 47.83 -179.51
436.64 471.8 470.7
221.41 467.71 -129.1
-125.56 443.85 224.23
-387.75 -475.97 -322.14
-331.78 338.39 466.6
158.88 -242.01 -305.34
-173.64 -495.03 -42.53
-148.32 39.67 -150.35
476.75 -148.14 -173.89
-112.07 328.28 117.83
56.19 297.47 247.72
-258.19 -465.66 419.66
401.23 8.63 -339.44
102.01 19.9 -223.69
-199.92 278.26 17.01
-41.33 -211.68 -189.0
-372.28 -167.4 -227.28
-165.1 142.68 63.36
387.49 192.71 -457.15
109.92 -39.7 258.34
-188.47 -419.4 50.59
19.34 -278.89 59.9
309.55 -92.22 -438.06
-97.82 -396.1 -485.54
-168.84 -382.05 218.22
-359.53 -0.53 -427.5
-47.97 -148.46 284.08
45.32 290.82 164.98
-196.3 155.09 249.51
-468.19 60.44 -81.19
149.14 -119.11 -77.8
-199.81 -310.09 -227.43
-347.73 -79.49 -76.04
-178.51 -352.78 -450.36
-487.71 420.31 -139.81
180.55 408.89 38.87
-202.28 -283.74 371.31
-399.45 -63.01 -160.04
-64.62 -50.1 130.87
47.42 -416.67 -38.06
314.97 465.86 -98.23
-42.37 -404.41 -24.58
206.23 -336.81 -427.67
-490.8 415.35 291.87
-264.18 -482.68 275.48
-456.12 346.13 499.78
-384.17 -324.19 -228.2
336.34 124.59 -251.82
149.11 298.32 -380.58
446.97 156.76 434.17
319.94 -326.18 -200.65
-356.92 0.13 -177.22
-379.82 -476.85 -215.14
431.34 -327.23 -270.27
482.96 397.91 418.07
-89.51 60.23 19.62
-359.22 -74.27 -395.01
-374.65 -485.45 468.28
-476.74 175.52 -175.03
312.37 -21.07 432.92
-272.52 227.41 186.82
-164.85 -388.12 444.27
-208.46 -482.64 -401.17
-218.07 -454.4 -322.77
-279.58 337.0 -245.42
-25.06 -397.06 -186.26
150.17 -4.25 -245.7
-85.01 -1.82 251.03
-486.32 183.09 142.99
-158.49 -115.61 -41.85
126.88 -136.42 141.82
285.84 -16.64 -450.02
-382.7 -120.93 292.18
-84.37 -424.01 382.87
-102.29 379.09 319.09
151.46 -67.31 185.79
238.06 130.0 -471.07
-487.24 401.27 -331.08
-333.19 -429.76 -118.1
491.91 -225.53 -280.36
-85.3 239.06 60.19
-329.76 96.51 354.28
452.38 280.22 -127.95
-108.23 463.04 -309.25
-21.23 378.68 86.05
150.98 166.44 -271.44
-449.28 248.96 -159.06
310.08 -190.29 -140.96
-204.88 85.62 -371.14
-43.1 352.4 402.68
166.74 -336.45 98.12
279.01 44.59 -190.39
29.05 268.33 251.46
-162.18 -163.85 422.67
168.33 -491.16 28.19
271.13 239.97 -47.13
-130.88 -337.13 218.97
-472.95 -370.97 -28.83
-193.39 322.35 358.99
-291.82 228.96 -211.47
-430.68 -64.53 -476.42
-80.78 494.08 172.26
-464.36 299.98 -2.81
331.2 -75.32 -135.1
-469.05 -236.38 354.64
-268.84 -265.47 74.93
-454.03 -473.88 358.48
-25.68 9.26 -179.0
-407.62 -116.58 285.86
-77.03 -489.43 355.06
66.51 221.13 479.98
-69.22 -231.63 -487.14
317.61 -315.62 12.92
-70.36 -375.77 246.87
-391.45 479.31 157.01
196.48 115.89 255.05
240.31 93.64 116.29
208.24 449.2 109.83
135.96 -241.96 -35.62
110.0 -160.97 258.97
-400.04 171.83 -19.7
410.68 -395.56 -407.45
477.3 -409.56 -107.41
-432.12 15.75 415.88
-188.12 409.43 77.2
415.58 -343.57 162.53
370.05 457.31 232.37
-8.52 341.8 221.08
-210.4 -323.76 7.83
-329.79 276.11 9.12
-284.07 445.0 276.0
-361.48 348.67 22.61
-211.81 -138.77 373.64
290.64 -71.27 -16.2
308.12 -53.21 272.0
-281.15 -43.47 -202.22
450.94 -216.1 -230.48
-353.3 7.63 423.98
259.44 80.03 -316.19
-356.43 -12.48 -130.89
462.38 103.23 -41.69
-246.06 -68.83 -466.16
-36.13 406.45 474.44
-461.14 -118.06 359.12
230.33 -409.14 135.38
-299.04 -372.46 452.28
-413.61 -187.61 128.41
251.19 -76.68 67.37
182.18 -436.49 -224.7
-222.27 41.61 -142.14
-43.23 -489.35 -376.97
-277.9 -424.39 -330.48
173.62 0.51 360.14
-301.34 -6.87 -440.8
-323.45 -269.2 -23.63
366.2 76.99 -435.75
-311.77 -280.48 -132.09
-429.64 -262.5 42.44
-34.99 -124.02 -241.27
-227.59 158.48 363.33
-321.04 275.05 -317.67
-172.07 489.55 369.17
402.14 27.06 -154.7
-294.49 -33.94 159.27
-277.47 -210.29 201.94
41.05 -308.17 104.54
262.11 164.77 -208.09
413.92 -389.72 339.23
227.07 333.58 -194.05
283.64 128.6 -485.35
402.49 -286.2 419.91
-68.96 -115.08 -369.46
-171.42 394.83 49.7
-244.59 -435.29 -119.35
318.64 229.56 486.13
498.7 460.38 -408.68
318.96 -488.77 -402.83
153.92 36.74 490.9
14.92 493.02 -221.93
313.37 -34.35 50.19
-375.25 178.57 -187.65
-361.49 -46.6 258.35
205.23 -197.18 -148.37
336.94 -370.27 -141.62
41.69 -392.7 -105.67
-358.01 333.28 -194.68
22.88 -324.68 151.53
-175.37 -379.89 493.41
-134.49 -58.75 -27.52
-91.15 191.35 245.02
84.73 65.32 420.08
13.84 366.82 -61.65
69.4 53.92 351.58
352.46 -253.34 -1.61
160.57 226.39 -365.4
346.81 371.51 462.12
-484.16 -290.38 -331.82
-344.13 93.61 439.31
-22.75 -248.11 -241.13
122.76 137.86 -235.98
333.29 -450.55 215.74
-40.17 355.18 -270.77
-227.29 20.14 -54.96
-177.84 380.57 198.49
105.72 85.01 -240.11
-299.86 336.24 -102.81
368.49 184.89 -77.21
76.86 -244.22 -149.49
-69.23 391.86 -97.75
287.61 81.9 -428.49
-426.78 40.18 -334.11
-476.02 493.23 32.71
-146.51 478.31 226.67
-446.12 -60.23 -434.51
-350.73 430.27 -310.25
223.76 378.65 -414.56
319.0 -330.51 -383.1
296.37 -36.13 52.75
-27.91 -39.88 -28.33
394.28 77.0 -497.3
-221.35 -96.06 24.99
-358.88 478.37 -84.18
257.24 291.99 7.99
-346.22 178.03 -439.91
-157.86 -297.25 132.05
-70.88 -198.38 221.08
250.77 -328.7 163.9
-151.77 -361.58 -110.39
103.51 430.14 196.05
102.52 -21.36 21.56
488.76 -416.54 256.45
250.96 -0.04 -88.76
32.06 -298.9 461.05
-78.5 -186.92 -158.2
142.81 377.12 -423.88
-405.74 30.11 -469.65
482.67 -249.69 -333.32
276.69 -192.62 408.12
475.91 -185.47 -403.86
322.4 224.11 -408.42
359.85 -279.81 -401.67
-475.53 -355.81 -274.11
368.37 135.42 491.67
207.75 207.02 -86.39
56.44 341.7 311.19
82.57 389.89 97.9
338.87 -96.42 -323.97
438.39 -435.51 259.95
-96.48 224.98 -321.53
-55.3 -348.63 -487.75
290.09 388.64 -495.98
239.31 -115.2 150.57
458.93 -465.21 -281.46
-315.44 -361.8 105.24
28.68 486.78 82.91
72.63 -415.74 -231.32
-253.48 -284.97 474.59
405.46 -89.89 -445.78
-67.77 41.59 138.4
130.67 -160.77 -451.52
-441.97 121.76 -49.32
-288.57 256.44 196.76
132.72 -93.58 -72.36
350.59 24.01 387.33
-76.14 -272.76 -491.23
-209.58 216.51 65.45
-332.63 -324.68 -178.66
235.1 392.3 87.68
463.84 26.21 -480.52
-94.93 17.25 -163.43
-55.93 53.19 -193.62
274.21 -297.14 -393.85
-79.28 338.92 94.18
-156.99 197.76 -35.61
-185.98 -13.32 227.26
-439.91 -245.56 388.72
137.97 63.01 -102.2
-390.67 261.72 102.74
499.76 338.76 242.59
177.02 487.45 -167.72
224.51 -169.98 -409.12
21.13 -483.0 73.81
-253.26 485.62 -364.82
-446.81 -280.29 -464.01
278.61 5.83 387.37
149.41 -434.4 70.66
-409.94 -460.56 -300.27
422.62 208.25 -248.74
492.42 453.25 -123.32
347.32 -65.12 293.57
432.25 -254.87 -300.08
-254.28 261.56 -113.49
-105.36 290.02 -398.54
192.85 -32.89 422.84
-106.57 -43.01 238.61
-478.42 -304.72 -93.09
316.03 -92.13 -309.99
-241.77 -84.96 -373.11
-349.66 -344.35 174.91
-49.72 -100.28 152.27
-361.37 94.85 407.53
-138.65 262.3 388.28
44.29 -339.1 -453.54
454.02 401.68 84.84
-382.47 -476.83 -328.26
-90.66 487.36 295.36
318.79 -479.94 251.41
-171.09 107.0 152.26
-9.78 -414.89 196.81
-96.5 194.22 -303.57
-21.38 42.23 -286.25
-380.77 448.77 6.19
-143.52 -273.67 16.47
46.8 123.7 88.19
126.18 -85.01 -188.31
97.36 -424.54 -181.13
492.36 396.76 -106.6
287.56 -422.69 -151.78
69.56 219.26 318.18
-96.77 -363.06 212.22
365.79 117.04 135.87
479.01 16.53 -155.2
-43.28 235.69 356.03
267.35 -314.22 6.31
-30.13 -168.06 -134.67
-384.63 329.48 230.7
1.56 378.67 -82.41
64.54 -457.26 15.68
-309.72 329.46 -295.56
80.56 -190.45 316.71
141.75 -125.24 -409.77
66.1 -305.76 481.18
416.4 10.16 -29.83
-60.59 -285.29 433.05
94.61 29.94 -183.08
334.48 274.69 -431.81
-310.81 475.29 -277.76
130.91 -399.83 -430.67
241.34 409.77 -55.43
-378.58 -322.93 316.07
440.83 25.72 -114.68
36.63 119.44 -112.19
173.61 37.12 -402.81
-270.0 303.82 53.17
-457.04 -71.63 128.18
240.12 137.36 -156.74
148.99 210.34 253.43
433.71 -404.53 91.17
-236.77 261.95 -403.16
-462.66 472.04 108.49
-85.04 -131.21 -151.29
420.76 -412.13 325.4
481.09 -288.32 -494.69
474.49 -60.2 -338.68
84.84 248.06 -359.82
202.73 330.09 -373.98
-163.27 487.55 151.15
-416.9 -353.48 -381.46
290.11 17.21 459.36
178.89 217.07 302.13
-267.12 27.21 499.24
70.03 292.0 -199.06
-13.68 384.6 -220.26
-175.2 180.7 -18.33
113.44 204.94 83.81
96.24 -300.39 -111.61
298.58 -43.63 131.77
465.02 397.05 90.32
304.95 375.64 40.95
371.32 420.85 -199.98
-126.61 59.5 225.5
-202.78 -268.5 -318.28
471.52 324.37 -194.93
117.93 -254.38 201.79
-7.37 408.78 62.16
-241.75 -146.2 478.59
110.99 -137.95 182.99
408.8 -204.94 -54.57
-169.63 380.99 -219.84
152.07 89.5 -460.92
-213.73 -256.17 -318.62
-357.71 53.88 -438.08
184.96 -13.58 100.17
492.79 118.13 -229.78
95.33 115.15 460.16
-306.13 -410.46 -189.94
-447.92 -44.49 -34.19
19.59 -489.36 315.52
77.14 478.65 -185.34
157.04 490.56 -454.86
115.57 -334.64 -450.97
181.0 232.22 84.39
35.16 -122.79 -436.61
-325.04 -398.35 12.66
209.56 45.9 280.83
271.83 -151.11 -213.68
96.44 200.06 -24.04
41.72 -379.12 443.76
-223.78 13.32 384.93
109.61 305.7 -235.39
-410.11 274.69 -63.15
-332.57 -107.78 -255.89
-286.12 147.22 88.29
-346.24 -47.14 224.46
-55.01 -236.94 295.22
-88.85 199.71 -309.51
-192.92 103.06 -454.47
-358.47 -422.19 57.39
-375.01 -483.75 -86.65
-90.45 -108.88 -360.05
363.99 -367.97 285.31
483.92 -61.4 -370.46
-177.07 308.89 47.29
152.37 -107.09 209.61
-249.35 276.95 354.47
41.49 -367.13 84.09
342.14 -49.58 1.45
418.31 448.77 -344.75
42.79 -363.96 -56.38
372.21 194.14 -125.0
131.68 267.44 -120.82
216.44 42.23 122.5
-431.77 254.8 316.32
-417.03 -394.59 173.67
-462.76 -139.2 389.98
258.08 329.19 -275.21
-391.62 -61.43 102.33
319.49 285.71 -0.58
-38.01 -118.84 -57.68
-494.22 -3.78 377.2
-352.51 -361.32 16.59
131.32 -163.53 14.87
270.48 274.24 -338.23
-499.92 458.04 -395.81
-59.69 11.19 486.39
417.97 439.04 330.3
-345.44 -314.42 11.58
-240.11 -371.09 294.4
347.64 164.35 -251.88
-409.83 272.22 -308.76
390.44 -7.25 128.28
-17.86 -48.53 420.25
71.25 76.19 471.87
88.78 388.47 43.92
96.78 -165.3 -307.69
-442.24 10.91 -361.21
-231.84 -134.73 -276.81
-339.03 376.1 -233.77
24.59 208.39 455.41
-460.62 456.01 -396.42
34.18 126.93 -497.5
456.13 29.85 -244.05
-338.86 -71.02 -410.23
330.85 241.39 356.52
151.97 279.22 -139.8
-406.12 -371.66 441.7
-361.08 -162.69 250.61
-383.68 -470.35 -122.75
-445.0 -389.97 84.77
225.45 -84.13 333.75
-260.42 179.46 213.19
-416.25 129.36 280.49
451.18 69.66 -339.01
304.06 -206.65 -348.09
-230.01 -176.7 -178.88
209.72 292.97 -116.05
-13.1 15.68 -243.27
-98.97 -161.36 393.99
380.8 -70.06 -425.61
-76.37 167.2 498.48
-493.62 189.46 -104.09
138.82 359.55 459.48
39.05 -63.32 137.91
99.52 -270.77 459.77
3.23 412.84 -186.03
179.65 176.43 369.56
-343.01 -446.45 104.69
-254.09 320.28 -44.03
498.42 156.17 -336.61
419.7 221.81 198.36
30.51 249.89 -18.11
320.53 -133.43 -137.32
-270.83 -273.36 214.59
198.07 -352.63 -69.06
-285.85 -482.78 -201.54
53.1 412.35 10.79
-185.68 0.64 140.41
-339.68 203.99 -251.49
158.23 96.53 266.8
-469.25 219.23 317.5
428.56 -190.61 316.48
412.17 -295.03 223.28
321.56 393.71 355.89
479.59 124.43 -302.93
0.03 -474.69 -260.7
-177.93 216.11 -125.06
-281.68 58.4 -326.41
2.97 -364.74 394.41
-357.15 294.3 93.97
136.41 -95.52 241.02
-478.35 250.65 -302.28
144.29 84.78 -182.56
83.05 132.71 -240.29
-223.14 446.42 -214.34
-344.21 -430.88 -428.07
-217.71 -227.2 156.72
102.21 -292.65 212.66
-40.32 387.26 89.53
183.36 -67.3 312.47
-327.46 -5.51 82.05
-473.98 -135.58 -1.37
407.02 -270.65 113.41
-359.79 -147.32 234.57
-294.76 283.44 -396.56
350.44 -101.41 23.96
-289.71 -230.29 472.85
181.76 -41.04 290.33
-133.0 -419.61 424.61
-51.05 -437.37 -465.05
418.63 150.97 43.01
494.03 -232.78 385.48
255.64 -123.89 -398.35
-448.61 -137.7 156.36
-261.32 102.16 343.69
-149.91 -408.84 -494.23
339.08 358.49 -105.39
-431.54 -64.0 146.63
430.76 497.53 -412.68
-206.74 137.44 91.89
-482.26 -221.47 -120.84
158.1 348.62 -263.19
167.96 -459.04 87.1
-384.69 308.17 -261.97
-188.44 474.46 -349.08
17.44 -279.07 496.23
394.41 465.82 41.44
74.33 381.45 244.84
-451.71 10.87 -448.94
-130.52 245.27 -93.61
35.98 -27.89 -391.84
252.93 -187.89 -495.25
-107.15 -395.13 292.05
-350.56 377.95 259.45
80.07 -499.75 409.45
-201.94 -166.15 246.03
274.13 -442.32 203.22
183.06 -69.63 38.62
-489.86 425.92 322.37
-296.86 173.08 -204.79
-340.65 236.37 -105.48
-423.72 -242.63 -363.45
427.56 311.65 340.01
-89.61 -387.31 -305.66
-183.27 399.92 440.24
287.1 -79.34 309.86
226.4 265.05 -204.52
334.52 250.35 -309.26
-34.29 -159.22 -282.49
-363.51 -72.68 -199.71
464.96 399.76 -130.55
478.23 257.85 141.81
474.83 -4.77 49.39
268.36 382.98 -404.02
485.46 134.42 -332.82
-164.74 233.11 13.77
-379.01 -168.27 46.85
297.68 -327.36 288.67
-45.72 -40.99 416.47
-411.62 242.86 -254.51
-458.76 -488.95 90.41
-133.73 -262.07 -144.41
212.46 34.97 14.81
436.75 -153.28 476.49
-343.63 -428.1 307.54
-351.13 -181.27 92.54
-164.28 -4.87 85.64
-277.2 26.3 -460.75
84.67 419.04 482.64
-167.18 423.99 -89.83
167.49 -357.5 -223.55
-214.15 -438.19 -299.55
5.85 260.41 -265.17
145.78 136.23 472.1
147.92 437.96 434.3
-318.09 -149.81 121.85
-321.47 6.03 -273.83
-171.1 98.52 -239.41
-133.44 -24.79 387.92
435.27 -93.01 -261.29
-432.23 -182.52 498.24
-146.13 4.89 328.74
-170.66 222.26 289.55
-347.01 290.62 323.63
298.01 -454.12 389.52
-191.96 97.47 478.27
-115.51 314.85 485.35
388.73 173.73 247.52
215.0 -234.64 -75.74
-256.4 290.32 -332.59
-7.12 39.06 -155.47
219.55 -179.86 -233.6
-389.42 -224.89 246.63
-445.32 -442.21 388.34
402.33 -450.93 -47.82
231.23 -395.68 -311.1
-220.91 45.71 -131.54
169.78 -325.48 -357.41
491.31 -302.5 228.18
-370.32 -441.25 197.02
-466.55 -204.74 453.76
-212.86 -76.81 119.29
-39.01 472.31 253.04
195.56 -87.55 -65.67
-442.65 -347.53 -95.59
366.28 -260.37 43.03
-61.36 81.88 429.72
-64.44 -431.41 -113.13
475.8 -483.15 356.62
344.25 362.68 250.88
-279.14 57.27 -216.28
-326.8 231.41 -296.06
413.74 -128.3 457.95
-430.96 -423.46 -456.64
166.28 -108.46 -402.41
-30.55 434.14 472.89
336.41 41.44 -392.75
-102.95 11.8 169.86
-207.51 -83.36 486.59
203.22 431.62 -493.63
44.69 133.87 -378.84
305.07 -264.58 -200.47
-0.73 -391.41 -240.99
458.83 401.2 455.32
-427.35 -152.98 86.28
-49.0 295.95 -68.14
-446.51 -227.4 -145.03
-315.56 -321.93 -489.59
0.91 -458.59 -179.45
309.96 459.85 -313.44
477.81 16.84 189.43
238.56 -14.41 180.89
83.07 -342.43 -295.94
-345.6 -340.11 -239.13
85.5 -186.61 308.71
-70.22 -226.67 92.26
207.5 72.63 146.78
-365.87 324.5 204.68
-471.06 482.11 445.36
313.87 -420.32 443.34
-189.83 106.85 283.99
494.6 382.7 410.51
-85.27 468.26 394.04
427.45 -122.46 -349.29
15.46 479.82 -185.35
145.32 206.44 162.18
286.06 60.12 379.3
-145.47 -171.48 -478.21
166.51 -81.03 -477.7
387.13 237.16 7.14
499.65 416.04 -104.95
-296.22 -455.39 -27.04
-97.31 -463.51 -390.74
441.58 30.98 12.18
188.63 327.3 269.8
145.75 51.51 -231.45
-280.72 428.46 -278.44
62.93 305.7 207.27
-379.95 -212.74 218.06
-386.1 -60.78 -254.98
-70.71 -471.76 -206.97
234.17 62.73 372.79
309.91 495.93 -275.34
-76.97 -445.59 122.4
-220.18 213.62 193.69
17.71 142.38 105.25
289.54 -158.8 -93.7
410.13 383.54 461.58
-291.17 -158.51 -49.16
153.17 -17.63 -239.49
-299.02 -117.68 168.06
-317.95 -244.76 497.93
-335.94 -421.25 -220.35
-450.66 -82.11 296.38
219.08 492.11 -164.33
-154.46 -325.27 404.79
474.29 178.55 263.43
-74.2 -250.31 347.5
-274.31 -369.93 -263.9
-99.6 138.69 -394.71
269.21 -8.67 -276.65
-194.54 -420.8 -90.64
321.6 492.85 255.78
171.1 440.51 496.75
-135.98 110.76 459.69
402.86 100.95 44.52
-278.42 -19.4 491.36
-462.89 -256.22 85.77
27.22 -434.29 171.6
327.07 348.9 439.88
-467.5 -330.13 6.74
189.4 -73.37 0.86
373.0 197.86 -398.41
-238.76 -251.92 -55.67
-183.18 395.56 155.68
-393.7 9.59 -310.36
242.44 299.86 -367.06
-121.75 424.23 -418.66
-19.25 -84.66 189.37
297.77 93.14 400.23
47.36 -20.67 271.66
-283.53 301.0 -29.09
127.48 -485.58 476.78
267.02 -126.82 -408.25
434.79 -65.25 -347.09
126.31 253.29 -408.4
330.46 -435.56 56.16
-94.91 -475.93 -467.87
-236.36 159.59 -327.06
-235.45 -321.55 390.31
417.85 -117.77 -224.39
474.48 -232.19 -405.16
-462.73 229.91 -425.32
443.64 413.49 122.11
-427.1 414.98 310.62
-440.4 272.68 -125.56
-436.45 -42.44 465.34
279.85 232.06 -181.73
51.5 -387.91 387.29
-436.44 -229.48 4.03
-391.93 223.71 -137.53
-297.87 313.52 336.24
207.23 115.63 157.61
-328.56 -378.72 -221.58
209.76 401.94 -405.43
147.91 -265.91 288.24
-449.47 -140.28 -43.17
372.39 342.86 50.49
88.38 0.37 375.01
425.15 204.78 282.42
-373.35 -227.0 298.9
308.39 377.55 -356.36
-283.17 -34.89 258.55
215.74 233.97 66.06
236.24 469.31 80.75
267.13 -106.67 -166.14
423.11 311.11 -336.9
184.41 -260.95 -123.49
89.59 -67.29 -171.04
-83.62 -427.93 333.14
351.0 292.68 -478.28
-238.37 388.1 -114.66
8.24 -192.0 33.1
-336.97 413.39 312.69
201.22 298.03 416.33
-225.3 185.5 435.42
-444.25 148.58 -437.45
162.69 30.42 -252.81
242.5 -72.57 -279.14
-32.58 73.72 8.72
289.58 153.68 -100.86
-468.39 192.75 -129.76
150.8 -264.96 323.18
-359.71 10.99 417.96
89.54 -404.3 -164.91
-87.37 -396.08 -427.68
256.51 251.98 134.54
382.68 412.05 -136.38
125.74 -186.24 279.99
236.06 193.68 106.41
-358.34 112.15 234.48
45.89 -263.63 -351.68
325.29 444.2 133.76
126.45 -6.54 -342.04
-398.62 -128.33 74.16
200.27 -172.72 255.89
-80.24 -196.46 357.14
-191.88 -209.81 182.38
390.4 -238.27 402.21
34.62 46.89 -352.59
259.47 -469.27 -176.19
406.4 479.32 -259.86
-146.69 -412.5 364.27
-410.99 -225.51 302.88
217.08 161.52 202.56
135.28 -397.2 -433.02
141.13 416.16 285.99
-490.63 -33.4 -222.99
457.94 454.22 -208.41
-97.84 -47.14 401.04
46.52 -149.51 -314.21
-263.71 374.7 332.05
214.61 -203.82 -232.4
-369.65 -37.22 -298.16
-118.51 101.47 -194.27
-392.63 382.61 158.93
-128.36 -388.53 -55.57
169.82 108.12 90.53
